mu = 30
alpha_H0 = 0.0179681
beta_H0 = 0.985254
alpha_Hmu = 0.72518
beta_Hmu = 0.31934
tobsmu = 1.32943
CLs = 0.32412
