mu = 75
alpha_H0 = 0.0179681
beta_H0 = 0.985254
alpha_Hmu = 0.991214
beta_Hmu = 0.0109025
tobsmu = 7.3525
CLs = 0.0110657
