alpha(t0) = 0.994713
beta(t0) = 0.00931458
