mu = 100
alpha_H0 = 0.0179681
beta_H0 = 0.985254
alpha_Hmu = 0.998961
beta_Hmu = 0.00135849
tobsmu = 11.1384
CLs = 0.00137882
